3751688
6436195
4520826
3849868
4062230
253057
252008
4288088
6371385
3100292
270365
8784487
6961214
8996054
9161874
254088
4411780
262027
5047791
4755370
5353135
4407563
6864577
3684449
254161
4753766
3658995
4700406
4243929
4328829
253408
3805419
5402888
252645
4026440
6310092
3685684
4567593
4278864
253519
14919898
253811
4349339
4749463
4268532
3688369
3837502
253942
252193
4330812
6630985
4048833
3832052
4492188
253839
268967
262140
7280015
4401854
252657
253687
253215
4145140
262378
254193
253822
4303914
4510452
254687
4303290
4759328
254435
6076169
4423610
260705
258361
10607825
3688757
5880871
4811269
4073183
4629362
4230319
254586
4232724
4654510
267812
4210542
4468709
10817079
3746499
6413234
258692
3461229
4629706
4692263
253302
4286208
4346392
3859608
