287324
265536
209378
207873
266852
282584
265165
209355
209544
285071
273602
264783
209952
297370
209061
265846
269602
269019
209299
297666
209023
266321
265924
264877
268793
276672
271023
208995
265551
266248
276629
265863
208336
210510
210024
264696
210137
265585
267903
283287
272227
290565
210547
207485
207836
207389
266977
209590
209117
268537
207926
268205
266772
208495
272855
264396
209436
279567
265151
209319
208280
274563
285241
272870
286480
282846
276006
272171
265443
266641
208270
264015
208453
208733
265422
270585
298120
207849
418366
207536
209998
272249
275041
208540
207658
206803
264488
277967
294298
288185
209515
286776
271542
209954
211438
286286
267229
278480
209019
209083
