314829
6560909
6978845
285515
282780
6247963
5943994
6877557
6057796
5844990
9170090
285178
6932176
7059765
9555504
7920332
7938698
6092305
7805423
5380187
6028880
7081800
23437045
287642
291201
283675
6839084
6503312
288153
6784045
6303914
282339
282649
6498735
7627428
9026279
289145
6541083
6187937
6008896
282593
5522561
15986636
7116122
6034856
9681995
6295227
6531883
285137
6065608
5504730
284235
6156145
6580015
6156736
5409631
286192
9221471
11892897
5248008
6120230
13014337
6315123
6975911
5573839
285087
284478
6743031
284014
283249
8191084
8990593
5874557
13071989
6554717
287529
6182713
303660
6321706
8163471
12181135
7424846
284668
6380826
6129056
5689449
8976707
9893364
284501
283349
283473
10293583
7212766
283491
11508035
283656
6949989
15431658
5785259
286087
