222753
140152
195712
138053
214663
136786
194051
137381
206914
202111
220361
138078
136204
195602
201448
205239
136926
196537
209601
205001
136944
136751
192863
136803
193402
193938
137273
138923
193197
137126
136847
195285
192788
210183
136730
210322
136775
192159
136921
203346
192525
137246
226116
136876
192506
194067
223893
137293
137374
138719
209983
139182
200734
136969
137609
136336
229664
137188
192265
221020
136506
192714
194052
200465
226613
194044
206077
137280
195351
136755
219993
136854
194836
223823
232354
203775
256974
193653
201845
137693
198277
137759
219773
137525
139004
138429
223058
193034
136863
137670
137872
227016
194333
137156
194512
240779
220125
136739
137354
137330
