256921
308178
246129
305081
246177
323002
317627
320704
247115
318050
244652
310074
313832
301580
301706
302712
300902
328574
307906
244628
303275
244582
333484
333873
304701
244110
309290
309469
302353
246806
476536
244716
246352
245282
315134
309201
244944
246926
308090
244033
245593
328919
246632
246609
244298
304222
301794
244730
243757
333389
245216
346493
246105
303552
302402
302644
243669
329507
243784
339116
247419
304280
243190
244179
323593
302236
245304
247993
303495
299693
302274
321826
299497
318540
243997
305382
242541
336691
246102
300350
245479
323355
244037
306567
301255
245634
300978
244057
301227
245486
245611
309420
244720
319558
243264
242224
245665
317611
245239
299997
