188674
240307
233507
229317
173210
252329
173665
231770
229983
231160
173014
239307
173385
229340
233704
230860
247804
173562
253946
173917
173506
237675
174492
173105
172633
250466
173254
172481
173168
232384
173716
231250
236302
231284
235386
230806
231350
172620
230823
172857
237777
276588
173953
233718
173516
252404
173891
266970
173764
231030
242652
173890
176651
235730
230910
230602
173364
245780
173732
240528
173013
245683
248857
266421
285773
261922
230795
173866
253364
244232
231292
173647
231971
172780
264380
174267
173901
177570
174981
172746
176810
174659
174277
263623
250012
174200
174436
231706
175018
174640
266259
258842
261957
233423
231666
273694
174344
174280
174914
235258
