185213
180170
101503
180521
159355
102056
191231
158074
179367
176560
194568
181450
170192
167129
186895
102337
160790
225809
103414
103518
161086
101963
101533
101824
183004
102124
173149
158011
158747
102208
162854
189917
182400
103845
158623
101984
102588
158930
102395
102311
102902
174239
102381
102442
102762
157870
103069
102156
188802
159364
102028
157256
172697
180751
206949
158496
102973
102192
102234
171689
103885
178291
158108
173698
160723
198854
159581
159070
158463
102289
101413
157654
159558
189035
101711
185346
171017
158826
101668
101457
101437
175145
102324
172771
181496
177058
101802
177745
102404
101381
158001
158318
159770
165861
182093
102497
177667
102620
104857
171958
