436344
430254
418404
352308
351605
411334
410071
408950
411863
351750
407735
407670
414498
354444
350031
350490
430676
409992
411645
411642
353095
441538
408603
351463
350520
351575
434571
353192
354229
410173
353600
355591
355073
415896
408817
351480
350764
411304
351987
442905
351999
422779
357697
412942
427703
352377
357430
419417
353557
408532
440812
353365
352788
439419
431521
352102
352608
412007
352297
412336
410752
407972
409541
430768
354635
355644
417431
434563
353401
357849
435569
427810
363072
423034
359961
360355
451044
357622
409334
414297
410540
355799
351846
407045
446751
408960
351739
427260
351000
350865
352522
434686
351206
354348
410355
354014
434112
424572
350370
353030
