112892
113076
88072
117427
87745
96470
120625
97580
108312
104885
125577
110385
100352
88853
107937
87974
88259
127279
88087
87019
87364
87806
87660
88736
113049
95924
100511
87722
87747
88122
92598
114826
102086
89964
89028
90900
88266
87934
87306
86294
88348
102075
98352
88378
88676
87984
88129
88211
126442
88036
87389
88140
93742
110264
128928
95409
94682
88069
94834
106965
87950
105204
88255
102147
87907
126816
88481
94211
91104
87419
88068
87677
95454
117804
88312
113536
99851
88502
87352
94243
99617
100497
88469
100475
107855
105721
88526
106446
87791
88699
87333
94592
87866
87538
118296
95272
101449
87408
89177
98793
