154625
149709
475199
401341
139518
571290
554326
357020
611611
753767
141749
742657
140064
478918
139160
438874
598693
139127
466856
140596
147459
1225783
140155
139461
139396
138943
138866
638487
139823
519878
138833
453708
139398
139820
725271
524995
140168
138955
139736
140052
567865
811818
147812
1010416
140659
487473
147467
538081
139335
1373935
496984
140437
140017
140927
625817
145351
141479
1506636
148798
479635
140100
560705
455844
497027
716014
579137
163190
139881
1206716
544726
506357
139087
492126
141132
1053067
148196
139853
876257
140042
138729
440591
139512
586266
624153
434070
655262
400872
516142
488944
139805
343219
477425
920049
569879
683825
142591
146305
418272
140613
139842
