180977
175590
985813
1809650
959822
925156
999955
1233187
942527
875229
995328
166461
167620
1231619
166711
823856
1109131
1118411
167266
1554877
166827
1718556
1262869
1218890
1113131
1172647
1217803
981868
973435
1054387
1416745
1070861
168216
1277873
167697
1672274
173606
1050289
948455
1227309
1089296
1363740
166504
166346
167425
166344
1720566
985285
166355
1089247
1064981
166938
1059511
806476
1084825
918089
776405
998621
167274
780975
166281
931041
999930
826959
1130735
945264
958842
165301
896715
900865
166042
1161188
980264
166881
1645472
1006736
1215204
1416448
1569748
172354
2629271
1340837
1297457
174268
165569
166990
1185726
1091430
2432412
1190485
167320
1087562
1327200
948964
167734
788879
791828
995695
166569
174195
