476475
453238
387168
445628
464828
386222
447373
444446
445163
470486
473769
387010
471862
386893
446186
441889
442469
445676
469742
625614
460965
440530
441254
447027
441888
389308
441603
441840
390032
451481
597859
484309
386687
449158
462150
442364
441175
469347
440566
390917
452048
388006
452517
388606
453892
449090
392314
455671
442359
387805
386947
389612
458862
460683
459038
444587
441967
442232
390324
461618
386829
387192
440941
456438
440101
440799
386459
448004
441319
388576
386046
385749
438959
387730
439085
441046
387658
442051
386655
387183
440822
443303
439756
459978
439670
439777
389741
609867
467405
479347
388686
441946
445363
464587
474683
389850
456335
443221
453447
444201
