8114470
8227059
8697937
9548871
8924235
316586
9667967
9191316
8924223
10210764
9608149
312494
7192496
8434839
323393
8093612
314594
8647846
8605445
8114023
9893292
9167339
10501411
12224499
10024728
10327849
21161071
11085264
315978
8694453
8829219
9723000
316532
10366434
12110024
11921851
26519272
11346074
9489856
8149878
10530918
9550129
9316844
11432252
13081140
9137219
315244
8943914
316163
12994887
315620
8491583
9645848
10476263
10872951
9033589
9210700
12366833
8979236
7907655
314985
9082245
8557841
9586770
314839
10192599
9064865
9746233
10603026
10580259
37161892
11906610
9544933
8149203
8838441
9691968
8823079
315487
313607
314618
7943090
9506935
312295
7517394
9416997
6757952
7652064
8442382
9996938
8232871
9168323
12172375
7798325
8043496
8637937
15036155
10508035
9905711
9845877
7780595
