244402
7373999
13163871
2567616
224670
2577420
2937127
223626
2469671
2580072
2180993
2648206
2939558
3093613
231781
3856974
3528781
3241421
2953442
2400614
2864163
2550258
3296860
2858933
7204491
2676198
223480
2587941
2748827
3119346
222982
2475787
2660207
2065973
5557813
2614639
2809366
2761524
224912
224357
4003479
2537575
6406137
2291106
3258859
4338103
229243
3165659
2599692
2336747
6114687
2607513
2900913
226953
229942
224333
8928806
5352088
2261560
2243190
2723862
4499247
2708862
2251288
238445
2992277
220888
224376
2367274
4581079
2316850
223544
3091297
5841789
2699248
3103385
232409
224786
3159857
4011527
3129145
2876161
233797
6587943
2326106
225073
2748223
3185151
225873
3455437
8796155
230164
3751172
2354762
4068550
229501
2378666
3123191
235989
3314999
