337200
333643
393557
313769
400060
370659
313944
315992
392135
369821
370087
316941
406214
373324
318478
316558
321297
321052
314682
316426
375479
379424
392317
373184
314495
370090
387907
384175
391533
314041
314528
374555
372924
316014
379251
317816
314842
371600
399862
314622
316788
313801
384467
374170
372012
375193
374776
371100
315052
371155
382732
372903
315932
315000
378569
314881
314729
379152
381547
314817
313520
314250
390850
378202
370500
316033
320203
316527
314536
318301
377082
320332
397419
315284
319658
375753
314479
399779
371541
383139
393453
373522
371341
372052
314279
372218
314881
314655
374219
370561
383344
391432
371318
399650
370060
391018
378151
372879
315998
372527
