360871
282941
360763
363991
280201
359282
339799
279389
342394
337975
279808
342019
336496
337305
334739
356910
337108
371627
349984
377986
335379
365405
343195
369806
361243
279413
278078
277927
364040
288071
284943
335111
337424
364307
353829
344325
357575
279441
278216
277192
361046
337065
356415
280751
352052
336357
279554
333980
336193
364636
366529
335575
339164
279948
278501
278484
333483
362744
335947
342794
335347
336935
336089
363737
283890
348187
279182
335500
363444
357052
335418
279487
280100
279580
280541
370959
336528
279623
278950
366661
334873
346350
281560
281840
334764
278610
352767
337405
279499
340471
348080
340735
352250
335929
338648
336855
337353
336642
279655
373983
