504844
479018
423237
429675
490021
427930
478846
484202
423851
481876
480032
493870
497416
426235
494911
479922
480488
479467
507912
428702
429842
510134
483503
484673
486327
425767
422780
481309
481229
424303
480906
424525
479127
480321
480132
425463
482991
481203
479421
491538
482300
487199
498665
506735
425231
516149
430649
422100
479944
503654
494554
482028
513725
481398
430089
520153
498651
481083
484011
427116
429539
433258
483196
483423
479553
507834
422799
426497
512920
479259
492228
503773
426750
478489
479944
483074
423867
428257
486393
481112
480969
512407
486125
494836
488333
481525
423180
424437
504667
485329
524670
481766
425604
427455
492113
491959
498590
425619
482612
501663
