130833
120351
260013
115729
222018
114407
114618
114222
292317
213687
120638
113553
115022
261191
178321
220934
116885
169138
292131
231301
113399
121752
262286
121774
247683
113682
113711
287482
113483
113640
537820
114316
113864
113404
115871
120365
113542
209651
113962
241456
112702
113407
113774
113482
226876
113897
120609
113337
114384
126521
243174
117775
227559
112667
113078
123655
125355
119336
415647
164496
112693
267967
114232
114840
284641
117714
114046
113255
121086
122712
114211
318644
121550
229080
112962
114187
296983
112741
113736
265839
113922
183996
239269
113726
114067
114226
114360
246367
113297
113253
113287
288924
282577
113261
114366
113600
198788
113532
113600
113784
