14664082
13281708
351228
12022108
15071793
14112298
13424929
350182
346660
13212477
11522658
12885394
15829185
16486461
12579008
13191908
12022491
12855153
11558972
10924924
13087759
12270908
12571288
350860
12677507
11679419
11083301
12439845
11003943
13923543
10576988
351088
13140907
11980513
10797219
358467
12791488
18962241
19327769
14520573
13521535
11447094
14162624
12668513
13719900
13602051
11679442
360379
10632664
12700412
13291863
358260
12765814
10010962
362133
9651436
12853674
13120722
364944
12746012
13044894
11199866
13770847
11423794
13702919
10367913
368384
12951670
13387335
12562963
9624101
17835224
11236787
14275911
12834248
10518990
362881
13189089
14950392
13065917
13051711
14082371
13308867
11210073
11336505
12657747
12837124
360589
11813285
12663471
9164827
11136579
13033801
11926484
10442701
11781796
12274855
13220211
13093991
11227470
