221798
1836902
1983673
202125
193358
3995778
1619634
1754898
1797802
6800666
1919051
202590
4224794
2185364
1811374
1706349
1728049
1365386
2908935
194931
3073829
1366288
1286537
1475393
4062220
195285
1962817
4176037
4030914
2930240
3853009
194745
1581636
194742
1675721
2026219
194654
1938684
1537596
194720
1502273
1777376
197370
1539570
194825
194075
1729253
193928
193748
2509829
194770
1977530
6317642
1764267
2249498
2509039
2016359
1606671
194781
1861328
1827591
195177
193425
194059
1104732
1723882
1529303
1821861
1593315
192635
1380223
1870938
1632582
1688688
192020
1397111
194734
1796417
2004015
1560794
1684545
1632615
194184
194395
3786007
201389
2532009
1631131
194504
192518
1491859
1839750
2234057
1963488
194890
203911
1356694
3171289
1487456
2080345
